52,55,60,43,20,15,47,44,37,46,43,43,40,58,68,63,57,45,27,9,19,24,11,21,39,19,8,24,26,8,10,26,22,20,17,11,13,6,15,64,29,12,7,6,9,13,11,11,10,27,55,40,54,51,24,37,56,27,26,42,46,51,49,30,24,35,50,55,30,23,44,44,42,42,15,12,21,39,35,11,26,47,52,44,41,53,47,60,52,59,53,39,26,9,40,17,15,19,36,79,72,56,33,35,31,24,21,12,19,20,21,7,5,19,13,13,7,17,22,20,15,14,24,38,28
48,48,42,40,31,42,69,37,39,37,11,8,13,34,23,26,31,34,19,20,21,7,5,5,19,16,10,12,13,14,23,26,20,25,24,21,20,6,4,23,16,5,6,8,9,12,10,11,9,41,69,61,48,25,15,34,35,33,29,33,38,28,22,30,23,24,49,88,68,27,2,11,19,14,28,36,24,51,63,47,36,54,56,41,39,47,38,43,45,58,56,57,23,13,16,9,17,12,26,53,50,33,24,44,38,26,23,25,41,39,35,28,16,16,23,22,11,14,6,11,14,15,20,31,26
71,54,45,13,17,76,62,13,25,40,20,11,5,15,8,47,65,48,19,17,15,6,11,11,7,15,16,15,17,30,43,38,37,35,22,15,13,8,10,15,16,7,10,9,8,12,14,19,23,52,48,32,17,19,36,42,56,58,56,51,48,46,39,28,28,25,14,48,80,72,21,17,7,33,79,76,40,50,45,28,33,36,45,49,53,37,24,32,41,50,63,55,29,12,12,19,26,22,32,36,47,42,31,39,43,59,56,30,30,37,40,34,29,51,65,42,19,26,16,6,15,11,9,23,30
25,19,21,5,19,79,41,4,9,28,27,18,8,11,6,54,44,17,11,9,13,20,11,11,16,18,19,23,20,20,26,22,21,21,11,14,13,11,20,15,14,6,8,7,5,10,13,19,9,22,6,4,9,38,57,49,58,80,82,52,32,42,48,37,36,54,45,46,59,67,39,7,22,79,95,56,27,34,23,19,32,53,64,43,37,33,40,44,44,40,39,33,29,20,19,18,13,27,47,44,49,45,35,49,59,64,53,38,36,30,29,36,43,54,55,38,14,12,20,17,17,29,22,20,24
17,28,12,44,60,60,33,19,15,8,8,3,14,17,2,15,8,5,18,20,14,19,14,14,26,24,21,26,23,14,15,12,4,7,9,20,19,15,26,23,15,8,11,9,8,12,13,16,15,10,6,13,16,36,42,45,49,86,74,37,35,39,31,31,35,43,54,53,38,37,55,23,41,91,63,17,13,29,27,27,31,30,26,24,46,54,51,34,47,60,46,55,33,34,31,31,27,29,41,56,58,40,21,39,55,66,67,66,60,44,32,38,31,33,50,36,19,23,24,24,31,64,56,25,14
11,16,1,46,75,67,36,31,16,14,20,9,16,19,16,18,30,35,32,29,13,8,26,25,15,24,17,8,6,4,6,3,11,12,15,22,18,14,24,30,26,17,14,8,5,9,11,13,15,11,15,4,2,16,16,21,18,50,54,31,22,30,57,89,127,147,150,117,78,26,33,41,53,71,41,27,34,41,33,20,15,7,16,45,62,51,51,52,39,57,60,66,46,35,39,33,28,21,20,46,61,47,21,15,26,56,74,79,71,59,38,31,18,30,79,52,27,39,35,46,63,74,54,30,22
14,13,16,39,60,68,27,14,11,33,39,22,18,27,39,48,42,40,27,23,12,7,25,29,35,59,44,15,6,5,6,4,10,14,24,26,21,13,7,11,24,16,15,9,5,8,9,10,5,18,30,9,10,33,36,33,32,21,16,22,43,87,136,162,168,182,179,153,147,92,35,34,53,50,37,44,46,42,27,23,23,22,18,29,35,40,44,36,30,15,25,24,33,23,28,13,6,8,10,28,46,40,40,27,24,23,29,56,65,58,36,28,30,33,72,62,28,16,44,83,76,59,29,22,27
31,34,26,37,30,29,27,17,26,47,31,18,30,53,53,48,49,32,29,18,10,14,21,42,49,82,67,29,14,9,10,14,19,22,32,26,22,17,5,8,12,13,24,26,24,24,19,17,9,22,29,8,11,26,44,52,31,24,11,28,81,121,138,149,161,133,138,123,116,100,49,43,46,46,45,46,42,27,3,19,28,32,28,40,29,28,35,38,29,4,11,10,4,13,21,32,35,18,7,20,45,32,52,42,43,41,31,34,36,52,44,30,28,51,68,75,47,25,74,84,59,52,25,8,11
37,48,23,23,37,27,18,11,26,40,24,38,53,57,57,53,47,32,26,16,10,14,21,40,55,73,61,40,21,17,27,60,48,46,30,31,36,9,14,16,26,38,45,41,34,31,25,19,19,21,20,28,21,25,65,46,35,25,17,61,87,98,112,111,113,115,101,93,78,69,50,44,48,40,48,58,55,55,56,50,36,21,32,66,44,58,64,43,25,15,18,22,22,10,33,53,46,31,27,20,23,30,62,36,53,51,55,59,48,49,51,21,12,38,61,66,67,58,72,68,49,47,13,5,7
42,61,42,22,19,17,18,15,24,38,24,53,67,70,54,44,41,26,16,5,4,14,19,30,48,73,64,51,24,27,41,80,85,90,60,30,26,26,22,24,45,46,40,31,30,37,42,41,41,27,21,33,34,31,55,41,32,20,42,81,87,91,100,103,105,96,93,90,76,61,29,28,40,46,65,80,80,82,90,95,73,58,57,68,58,49,45,29,38,41,22,25,39,35,42,58,58,47,39,24,15,11,38,20,35,44,62,70,54,51,60,43,23,33,58,57,69,79,70,52,51,51,25,9,6
35,55,55,36,25,23,20,16,27,31,21,59,51,38,35,63,51,37,21,3,2,13,18,23,35,60,50,42,16,24,18,32,70,92,76,41,23,31,21,32,41,43,41,35,35,45,56,62,58,41,42,51,46,33,55,67,60,35,69,89,86,91,98,104,103,89,85,72,57,45,16,22,17,14,19,37,61,80,89,91,93,94,79,50,49,39,42,30,22,51,44,29,31,30,55,63,60,51,46,38,26,6,19,11,10,7,36,78,76,58,58,54,33,28,61,52,55,74,61,54,58,61,53,30,8
25,46,73,73,51,29,17,20,20,31,20,28,20,26,34,49,49,42,32,21,17,20,19,17,19,54,58,42,14,22,16,15,31,60,77,69,40,25,28,49,42,43,45,49,56,59,54,46,44,42,65,81,78,58,66,88,96,70,85,88,94,102,105,103,96,88,75,50,37,35,22,24,19,20,12,3,6,16,24,28,40,60,61,37,38,28,34,28,5,28,50,41,19,8,56,61,53,42,40,43,41,17,20,19,11,8,21,39,50,66,74,61,37,19,48,48,49,64,54,56,40,22,22,20,16
10,17,46,68,67,52,34,27,15,24,25,21,19,21,28,30,38,41,46,56,62,56,44,31,23,41,48,30,12,14,20,17,19,32,59,77,55,24,45,58,43,49,53,49,39,30,24,23,28,41,73,77,63,40,49,77,74,82,82,80,100,100,98,89,84,82,60,46,42,34,33,22,17,29,27,11,5,11,15,14,8,14,26,36,26,6,10,13,9,6,24,50,33,19,45,48,42,39,36,34,37,32,36,34,32,27,27,23,25,48,65,63,50,24,32,42,48,60,42,24,17,7,15,16,13
7,9,21,45,65,72,65,50,32,21,23,25,25,10,16,26,26,29,35,56,73,73,62,45,46,36,39,31,22,14,21,18,14,13,29,54,55,38,60,53,41,42,36,23,8,2,9,19,9,15,30,22,10,1,10,28,27,75,73,75,96,92,95,92,91,81,53,50,55,38,38,24,24,25,21,18,26,35,24,6,16,12,23,44,28,21,22,12,8,11,7,39,36,51,38,30,31,40,41,30,34,46,50,40,31,19,27,33,27,23,25,35,41,36,36,34,30,45,39,22,50,34,22,11,17
48,59,59,62,60,56,60,51,37,26,18,12,19,26,21,8,16,19,16,28,44,54,58,46,37,32,41,39,18,9,17,19,7,11,14,30,47,53,57,46,45,27,9,4,9,15,16,16,10,7,14,20,31,27,24,10,24,78,72,74,91,91,95,98,94,83,61,50,54,40,43,37,12,9,16,26,31,33,24,9,5,15,35,55,48,58,57,29,7,14,17,25,21,55,47,32,38,39,38,34,37,50,49,37,19,22,32,24,16,20,14,9,12,27,35,26,15,34,46,53,52,56,47,26,19
99,99,77,74,67,46,33,11,15,15,21,29,24,25,15,11,28,38,33,32,41,56,71,66,51,44,42,37,14,17,17,4,4,16,12,14,28,47,38,39,24,17,10,8,8,8,9,12,12,23,38,40,33,21,26,16,40,80,66,66,79,83,78,78,80,79,71,47,46,44,49,49,17,11,26,45,44,33,21,7,13,18,34,46,43,52,60,41,22,6,30,25,13,37,61,52,62,37,26,32,37,42,37,33,22,27,44,40,27,21,13,15,14,20,28,24,16,35,36,48,61,74,74,63,51
93,74,60,45,30,17,7,11,11,16,29,42,34,4,10,12,26,47,40,39,42,85,87,72,61,45,34,16,12,9,14,8,7,12,13,6,16,27,40,26,12,9,13,11,13,10,6,18,37,47,47,40,32,30,28,16,64,63,63,64,66,68,69,70,66,61,72,64,40,54,47,47,30,7,48,43,37,18,13,5,10,19,36,32,53,58,70,62,31,1,22,27,16,23,59,46,46,27,25,34,42,22,20,30,30,25,53,45,30,26,25,28,21,24,45,34,27,30,49,69,65,76,71,70,59
20,10,11,15,23,22,9,5,5,51,53,42,46,7,5,32,53,43,23,36,52,64,53,56,67,35,15,17,16,21,29,35,37,30,15,3,4,14,30,26,23,19,11,8,8,11,30,51,66,62,51,41,38,31,22,22,67,65,64,65,70,77,84,89,77,69,63,69,33,55,55,48,26,5,23,15,11,4,13,9,8,18,41,41,49,44,62,72,38,10,17,17,20,24,43,29,7,23,43,48,40,20,17,26,5,10,39,43,56,47,40,30,35,53,69,65,34,31,43,48,61,69,88,93,86
2,10,25,29,31,31,18,11,20,60,67,57,42,3,2,18,41,34,14,14,33,42,49,71,72,39,12,17,22,48,56,52,51,41,19,12,9,15,23,23,18,32,31,31,23,26,54,64,59,55,50,43,42,26,13,40,67,66,66,67,70,75,79,82,87,76,64,72,35,42,61,48,21,13,19,16,13,6,14,9,3,14,44,57,60,37,40,48,31,17,18,14,26,27,35,25,19,26,24,20,14,12,11,15,21,13,9,8,25,33,35,35,32,83,70,60,41,40,25,23,22,35,66,85,83
6,10,17,18,25,31,15,1,9,29,52,62,36,9,19,27,30,31,21,3,7,19,46,69,48,34,21,17,17,45,61,57,57,53,35,40,41,44,36,29,36,53,56,41,26,38,63,63,61,56,54,48,48,23,7,53,63,65,68,71,76,83,88,90,98,87,83,75,60,24,60,48,10,13,27,32,26,15,5,4,9,34,57,49,55,60,63,48,25,19,18,9,14,18,30,28,19,17,7,9,9,18,21,32,29,15,13,16,13,22,14,19,45,81,54,45,42,45,19,20,10,13,15,27,28
5,8,12,8,14,25,17,7,23,36,21,24,33,26,32,46,40,21,18,13,14,14,33,40,33,34,41,30,19,26,53,64,59,62,49,57,63,63,44,29,36,36,43,34,31,48,57,56,58,45,38,37,45,25,13,62,66,68,70,72,78,89,99,103,99,89,86,72,76,11,35,28,6,7,32,39,31,23,5,18,50,50,58,63,64,56,61,70,43,25,18,10,8,20,37,30,24,22,9,12,15,25,25,31,42,13,29,21,6,14,25,41,50,38,37,43,34,43,39,43,20,20,12,14,15
6,11,16,7,4,8,9,12,20,48,25,19,38,42,33,34,40,16,17,23,25,24,35,28,36,39,40,17,11,13,30,31,49,59,56,65,70,60,38,23,22,6,13,22,34,40,27,26,19,15,17,23,31,21,23,67,65,70,75,77,83,92,99,101,97,87,77,71,79,21,14,9,7,5,34,39,34,31,16,38,57,59,51,37,41,52,49,33,43,19,17,24,29,45,50,28,16,20,15,14,23,38,41,41,43,15,48,35,26,19,46,54,46,38,48,43,38,50,51,56,50,37,31,18,19
9,6,8,6,8,14,13,16,21,73,84,83,72,65,54,42,30,25,31,29,27,29,39,36,52,49,30,11,19,31,28,18,48,62,67,71,73,49,33,29,37,18,5,7,14,10,1,2,4,8,17,24,24,20,35,66,63,72,82,88,94,102,106,106,103,90,86,83,85,51,23,17,8,8,33,38,34,30,28,41,50,28,13,21,36,39,33,28,19,10,21,41,52,60,52,28,17,29,40,38,39,36,39,42,56,40,55,52,46,38,66,60,44,49,39,31,40,41,24,20,30,25,33,28,26
4,5,14,12,7,8,14,29,88,113,93,77,59,46,28,14,15,24,34,39,37,34,42,53,46,34,11,16,30,38,30,37,57,68,72,68,63,30,26,36,36,36,14,6,6,1,6,5,7,9,12,19,21,29,53,69,77,83,87,87,89,95,99,98,102,86,96,87,85,66,39,28,21,23,38,40,37,31,40,43,34,14,17,49,60,41,25,30,15,22,41,60,63,61,51,41,26,16,18,30,51,45,45,47,55,60,44,62,54,56,70,54,60,38,19,50,64,53,34,17,8,10,12,15,7
12,14,15,11,5,17,13,59,85,68,35,21,13,13,6,12,25,49,39,38,43,48,60,44,38,8,4,24,40,41,36,41,58,79,87,55,30,13,28,45,41,48,35,9,1,7,9,7,11,18,12,12,24,26,57,68,73,83,85,85,94,98,98,102,98,92,97,87,80,79,51,22,14,10,33,35,39,31,44,33,13,5,21,45,63,60,39,21,24,21,58,61,62,57,58,43,27,20,11,10,28,55,64,53,49,51,56,42,30,54,71,52,39,10,25,45,56,64,50,45,28,6,7,6,9
51,54,27,30,20,9,9,19,16,14,7,9,3,6,13,30,43,50,38,38,43,42,44,33,23,13,8,15,20,19,27,39,79,64,42,24,17,8,23,50,49,50,38,18,7,9,18,30,29,40,30,18,26,36,67,71,70,81,84,85,92,93,90,91,89,92,90,85,87,79,50,32,36,29,26,29,33,38,27,9,6,8,26,37,44,47,65,49,22,40,70,65,62,68,59,37,28,18,10,7,10,27,51,66,66,63,60,40,18,31,41,23,20,9,20,36,58,65,42,37,41,19,9,3,6
34,38,37,36,25,16,11,16,33,25,14,12,9,22,35,44,29,20,9,8,13,13,16,24,30,28,7,3,6,4,11,14,25,12,7,26,37,25,27,58,53,69,55,24,32,68,77,61,52,51,32,19,26,40,66,67,68,79,84,85,88,88,84,83,83,92,79,78,90,78,59,55,70,68,53,43,35,25,9,4,6,1,7,21,25,6,34,41,26,46,52,43,50,67,52,34,38,17,6,6,3,5,21,40,45,59,74,53,12,9,22,22,12,13,12,16,45,50,23,22,31,24,10,11,18
14,19,33,30,21,22,25,28,18,11,4,5,10,30,37,27,20,10,8,6,9,14,20,42,53,51,18,12,18,11,13,6,9,6,5,31,39,27,16,37,57,67,72,77,92,98,79,55,55,35,16,17,28,39,59,65,64,72,77,76,77,79,79,79,85,92,77,82,92,77,65,63,61,51,38,26,34,12,4,12,15,34,38,46,58,39,33,24,23,24,11,11,46,63,50,40,26,7,1,5,7,7,15,23,35,27,31,39,41,50,48,29,16,13,2,2,24,29,10,13,15,21,8,18,30
8,16,5,11,13,16,39,20,18,13,14,13,11,12,13,5,6,1,8,6,7,10,8,25,39,45,23,21,24,13,17,17,11,10,1,15,29,37,25,26,58,65,77,92,93,73,54,50,31,13,8,20,31,42,58,67,68,73,77,75,73,79,86,88,90,92,88,96,92,72,60,44,37,33,23,15,25,15,17,33,40,49,51,57,61,68,57,53,40,31,13,11,55,56,43,32,9,5,4,4,3,9,21,28,49,34,32,39,43,47,42,26,18,7,2,7,20,21,14,17,15,24,5,14,26
14,20,17,22,28,47,53,34,19,12,19,27,24,7,6,11,10,7,11,6,8,9,1,6,11,17,9,12,14,6,11,15,11,14,9,11,22,35,26,11,20,51,69,64,56,49,33,17,7,8,15,25,26,44,58,61,73,76,81,80,78,86,96,99,98,92,94,97,82,67,54,29,31,43,30,25,19,38,40,48,49,43,57,80,65,66,53,54,50,46,30,15,41,30,24,12,7,9,11,6,2,8,18,20,43,28,26,37,45,47,37,22,17,6,9,24,27,22,21,24,23,27,5,8,20
12,21,39,33,31,61,42,36,24,22,33,40,41,16,7,10,21,22,21,16,15,12,5,7,8,10,10,9,10,10,11,11,12,10,11,9,14,24,30,22,18,31,32,20,14,12,9,7,6,15,23,24,18,44,57,55,63,69,80,84,82,90,101,101,103,95,97,87,71,65,49,25,22,25,13,16,19,57,58,46,52,59,49,54,53,52,37,33,33,36,29,19,23,14,19,14,8,4,6,8,7,10,18,22,32,28,33,40,37,29,20,11,16,9,10,20,21,15,22,32,28,27,10,12,22
11,32,34,36,32,56,48,34,26,33,37,26,26,14,18,26,23,31,35,34,28,16,10,12,12,15,21,14,8,12,14,15,20,7,12,15,16,18,26,20,11,20,21,13,7,7,9,14,17,18,21,21,16,46,60,57,59,68,85,93,92,100,109,107,104,100,102,84,71,66,40,17,15,14,19,19,23,50,66,54,49,58,21,36,75,42,11,25,41,46,43,47,36,23,29,30,20,10,8,11,6,4,16,31,24,28,37,37,24,13,13,16,15,12,1,2,5,5,20,42,37,31,15,14,21
43,28,45,44,44,86,50,36,36,25,17,11,16,20,53,28,20,25,32,32,27,25,20,10,12,16,24,8,13,14,12,18,15,23,26,24,23,20,17,18,17,16,23,15,13,11,14,13,15,20,18,15,17,41,67,64,62,72,88,99,104,107,114,120,124,93,93,81,70,70,42,22,31,31,25,15,26,37,61,64,53,53,36,45,73,45,20,15,44,53,47,45,38,35,44,36,31,11,10,10,13,13,7,25,24,27,33,25,15,13,12,17,36,45,19,6,4,7,35,49,42,46,25,8,21
96,76,52,20,15,60,52,32,36,19,12,9,18,21,49,35,7,15,31,37,30,22,19,16,16,19,21,8,8,10,18,23,35,39,41,40,36,25,17,19,37,34,39,22,19,20,23,30,32,25,27,19,18,49,60,60,70,83,100,110,114,115,117,119,119,109,104,76,67,68,52,26,26,39,34,31,18,28,44,56,58,60,44,42,42,26,34,16,28,45,46,44,30,18,31,38,19,11,11,40,47,39,25,27,32,17,20,16,18,29,31,40,52,64,79,52,15,7,41,51,48,55,25,3,8
48,76,77,46,17,29,47,37,26,10,10,9,17,13,25,25,19,16,24,34,34,29,26,23,15,8,15,21,39,31,49,58,63,61,58,57,52,41,37,44,69,73,72,33,24,30,30,39,38,31,31,24,18,51,62,64,75,90,107,116,120,122,123,122,116,114,99,71,74,77,56,24,35,42,34,35,23,25,30,36,54,58,65,60,37,13,23,22,29,45,40,34,20,2,12,23,28,25,40,82,82,85,65,38,35,16,25,28,31,41,40,46,27,23,48,28,9,13,43,46,43,48,20,8,10
19,12,20,35,38,20,30,32,20,7,12,7,14,8,6,13,25,20,27,43,52,52,44,35,15,11,20,32,81,53,60,62,47,57,67,72,64,43,26,23,41,65,78,37,33,44,36,36,45,48,38,32,24,55,75,72,80,94,108,115,119,124,127,127,130,121,102,85,87,82,41,12,37,41,46,38,27,7,21,32,34,54,69,54,59,59,39,19,30,49,40,31,20,3,9,18,29,28,38,48,40,43,35,31,32,24,33,43,44,44,39,31,14,5,6,3,14,26,44,49,26,32,15,7,12
4,6,11,2,9,18,30,24,19,6,8,4,14,15,4,6,14,18,32,45,49,45,32,17,7,22,19,35,89,65,49,53,65,79,87,82,66,40,16,5,8,32,49,24,32,48,51,61,56,54,48,33,36,72,80,80,84,96,109,116,120,125,129,131,132,124,111,103,93,91,39,15,42,43,48,43,30,4,12,24,36,42,49,59,69,55,47,33,26,49,41,26,12,3,2,8,14,32,29,26,27,11,28,45,27,33,32,40,39,33,35,19,7,10,5,19,14,16,36,48,29,36,33,17,26
20,9,18,17,26,22,22,30,25,16,17,17,30,32,12,4,19,16,18,22,24,24,17,6,17,32,15,50,89,76,47,78,94,92,77,54,35,20,11,9,27,31,36,25,27,27,37,54,39,26,37,22,49,90,77,84,81,92,106,117,123,126,130,133,129,122,108,102,92,99,55,12,45,49,43,46,27,12,5,8,13,39,40,45,31,24,59,31,29,42,26,14,9,8,14,10,14,31,29,37,39,38,86,52,20,44,49,45,29,15,19,16,21,18,15,40,15,19,44,46,45,40,51,52,60
15,25,36,29,30,33,34,36,34,31,35,39,40,36,24,18,33,22,17,21,25,28,29,25,43,45,28,54,81,78,50,80,77,67,47,29,21,15,14,18,42,42,43,41,33,9,10,10,13,11,20,25,72,89,80,87,83,90,104,117,123,124,128,133,135,126,108,103,97,95,77,8,31,54,54,44,14,6,6,9,5,7,7,22,20,11,44,35,28,31,19,25,38,47,54,42,45,37,38,41,35,55,92,41,18,46,67,57,40,25,15,29,45,32,20,28,13,19,32,27,45,37,52,66,66
24,39,41,39,42,43,43,38,28,29,33,34,22,18,23,32,36,34,42,49,40,27,22,24,43,46,41,28,61,75,56,49,47,32,16,11,14,15,17,25,45,48,43,39,32,15,24,14,8,25,21,48,98,77,88,86,94,97,107,119,122,120,123,130,126,123,111,114,110,93,109,34,30,51,54,27,14,8,16,4,6,7,12,5,7,11,16,37,22,29,34,53,64,64,64,48,29,24,41,42,45,40,21,29,23,36,64,60,62,59,31,50,55,54,41,23,20,21,19,31,43,49,55,53,44
27,50,54,50,42,48,54,19,17,31,29,26,34,28,21,31,27,19,30,41,33,30,27,12,30,56,38,17,44,80,58,35,20,14,34,19,16,25,26,31,49,60,43,46,52,32,65,45,18,22,25,84,82,85,87,87,97,104,108,117,127,124,121,127,129,126,120,115,113,109,93,75,32,53,44,17,14,21,17,8,7,5,9,5,7,6,7,30,28,18,25,27,30,30,38,31,18,18,20,28,16,14,17,29,19,31,61,65,65,68,55,21,31,50,58,43,19,13,33,43,32,42,33,29,18
24,25,43,55,62,48,45,33,46,39,35,38,39,31,35,52,51,25,24,33,35,33,22,14,23,40,30,12,33,69,61,46,26,54,63,24,29,35,46,52,56,54,59,73,89,78,66,78,48,33,49,86,84,88,91,90,100,105,107,111,120,121,120,126,132,128,123,118,113,108,101,95,43,18,24,18,9,10,12,9,7,8,8,27,37,36,43,29,23,12,20,33,30,31,25,8,20,18,16,20,16,17,23,37,44,22,44,73,66,59,67,41,15,11,21,34,30,32,36,15,40,54,43,30,16
19,23,53,61,70,50,44,48,44,38,31,24,30,41,43,33,14,10,18,22,21,21,20,30,21,11,26,18,12,42,62,39,36,63,21,32,40,42,55,40,23,18,29,39,50,75,53,64,52,39,78,88,80,83,92,100,98,104,106,109,115,117,116,117,126,124,122,122,117,109,103,102,77,16,24,27,11,13,25,29,36,43,52,70,64,61,70,39,24,24,17,19,11,13,8,10,6,15,21,19,19,13,23,42,38,35,27,47,74,71,70,42,30,9,7,18,17,38,49,19,26,56,70,74,57
15,50,73,61,64,64,68,71,54,32,12,17,35,42,32,21,21,17,5,5,26,51,68,73,58,40,34,24,35,50,56,46,48,33,22,37,40,64,35,15,19,10,7,15,9,49,65,51,33,48,88,86,79,81,88,99,96,101,103,104,109,115,117,116,122,120,118,118,117,111,103,96,95,35,12,16,20,48,66,70,64,61,68,67,64,75,68,40,20,44,39,30,28,21,8,15,5,20,31,25,26,14,26,47,44,38,25,14,27,59,77,29,29,21,15,19,17,44,54,27,22,35,48,70,70
27,68,60,47,45,61,71,68,73,52,17,10,34,39,24,18,14,20,7,34,75,90,90,69,81,55,58,45,30,31,46,42,33,18,49,49,53,34,24,26,29,8,2,11,2,15,50,42,27,70,82,81,83,85,83,87,93,95,96,97,101,111,119,120,120,120,116,111,109,109,104,96,89,62,10,22,52,80,75,67,57,74,79,73,71,69,49,24,16,40,55,50,53,43,28,14,14,24,29,21,22,10,22,45,50,42,38,13,4,23,40,23,11,13,8,19,30,48,47,36,38,23,12,32,52
31,47,20,32,43,61,72,74,74,76,47,23,36,41,25,17,16,21,14,44,74,77,86,84,73,81,78,61,52,31,24,47,35,63,65,61,62,19,36,40,32,14,7,5,7,6,23,33,30,87,76,75,79,81,80,86,87,87,93,97,98,104,108,106,107,114,116,109,104,103,99,93,86,88,32,31,54,60,46,42,43,83,72,72,68,44,38,13,14,21,56,61,53,51,56,28,14,24,32,28,18,3,13,38,48,51,51,28,24,15,12,20,10,12,3,23,40,44,37,50,50,42,30,30,43
28,25,3,11,18,24,26,32,45,47,40,36,35,22,11,14,17,11,13,27,42,48,53,66,73,62,58,58,50,41,25,25,51,87,91,68,60,45,36,27,22,19,15,7,10,13,18,14,41,89,71,69,71,73,78,88,84,83,90,98,97,99,101,98,99,105,109,108,103,98,92,87,85,89,47,17,24,25,29,33,31,49,20,26,41,34,38,14,8,15,49,70,63,62,65,50,27,27,32,40,28,12,14,32,53,49,55,41,24,25,37,16,12,18,7,34,48,47,34,46,51,57,55,42,36
8,12,13,7,11,19,22,31,28,41,50,45,38,39,36,26,23,26,49,44,38,41,32,48,57,53,42,37,28,26,18,33,20,26,58,85,79,14,21,16,18,19,19,30,22,22,31,3,61,84,63,63,70,73,76,81,89,82,86,94,94,100,110,112,107,102,100,101,101,96,91,87,81,81,69,29,31,29,26,6,10,21,17,27,42,42,32,13,11,18,24,52,68,69,57,65,46,23,11,29,31,26,15,18,29,56,56,44,40,30,35,15,19,20,2,23,40,55,43,40,44,50,57,52,46
20,9,17,14,24,40,36,39,42,49,57,58,54,50,48,46,47,47,38,25,21,21,22,24,34,53,44,46,43,31,14,20,16,12,11,27,51,16,11,4,8,12,17,20,20,26,31,15,76,68,63,60,67,76,76,81,86,84,92,101,102,103,106,108,119,117,102,99,96,91,92,82,78,81,70,31,47,43,41,14,18,22,32,42,52,43,18,11,11,11,22,41,55,63,70,74,50,34,19,11,13,12,11,24,15,36,59,35,36,38,22,14,17,17,8,5,42,51,41,45,44,54,57,52,54
26,7,10,13,34,35,33,43,50,56,53,57,62,40,20,27,29,26,18,13,12,7,5,11,7,21,20,26,21,20,21,27,20,18,15,22,30,27,23,29,30,26,29,28,33,31,26,38,63,60,65,65,67,71,75,86,90,95,105,113,116,121,126,128,122,127,117,108,99,93,93,83,85,72,73,15,17,22,17,22,31,42,53,50,42,26,9,12,9,16,13,13,36,58,64,64,43,43,30,32,30,13,10,14,37,46,51,42,25,28,17,24,23,15,28,35,38,62,56,23,16,39,55,72,54
41,22,23,26,38,19,30,51,57,63,66,53,37,36,35,27,13,14,10,10,18,18,13,15,13,18,18,29,33,44,41,21,19,26,38,31,27,40,41,54,59,51,50,42,40,25,12,51,68,61,65,65,61,64,73,86,101,111,126,140,148,151,146,138,138,140,131,121,112,102,93,80,81,79,73,25,17,7,18,28,35,43,47,35,23,15,9,16,14,7,10,14,17,38,60,64,58,48,13,19,38,30,24,10,19,32,40,41,27,32,22,11,28,46,50,39,30,52,40,22,19,14,37,41,56
24,18,27,30,18,6,37,64,62,65,68,42,14,26,40,23,12,19,12,10,27,37,26,16,28,45,53,55,52,55,49,25,22,28,52,42,44,44,44,41,42,48,58,59,48,28,13,42,53,51,61,65,64,71,80,91,112,122,127,124,115,106,102,103,101,115,122,122,120,116,105,90,75,79,72,35,30,20,27,28,21,25,30,20,11,10,9,15,11,13,6,8,19,20,28,52,58,55,22,16,30,32,33,28,12,17,28,22,16,17,31,16,23,31,19,15,20,15,12,53,22,13,19,19,21
24,23,32,36,9,24,61,74,78,66,41,18,8,8,17,31,29,29,15,15,39,47,30,18,42,59,64,63,59,47,39,30,29,25,34,42,54,53,52,44,52,60,61,64,51,50,47,49,60,58,64,65,70,80,85,91,99,92,77,67,64,60,58,63,69,61,68,89,105,107,104,107,83,69,72,22,25,41,23,27,21,27,38,33,24,21,18,21,22,8,7,9,4,10,15,7,16,27,24,17,28,41,40,40,38,25,33,33,20,12,37,44,17,11,17,14,13,4,8,24,25,22,28,16,10
31,24,25,29,11,49,70,63,63,44,24,11,5,7,22,41,40,26,8,21,52,50,34,36,58,63,64,66,63,39,32,35,35,27,16,33,30,37,43,62,79,77,62,60,52,78,83,60,56,53,56,66,83,88,75,72,58,70,80,99,126,140,139,142,140,131,114,84,68,73,83,95,91,82,74,24,27,46,32,29,34,27,33,36,37,38,32,28,24,23,12,9,14,6,1,8,1,1,4,6,27,52,50,43,37,21,22,36,25,33,41,46,62,54,60,37,18,7,15,16,41,34,47,22,19
33,24,25,26,29,68,74,65,31,33,36,27,16,30,44,39,42,23,2,19,52,47,34,47,63,73,80,64,41,23,39,46,40,25,12,15,1,6,14,56,65,63,53,52,52,89,81,53,59,64,70,74,80,68,57,74,132,167,188,191,197,199,198,203,202,199,217,216,168,98,59,69,81,91,79,36,29,40,44,44,38,19,20,30,38,41,30,21,28,19,20,21,10,5,13,20,20,15,12,14,18,33,50,52,51,28,24,31,29,51,53,58,67,65,77,82,60,17,4,31,45,39,35,37,10
30,25,29,20,31,55,50,52,60,71,51,27,39,58,60,61,54,36,12,21,50,46,34,47,70,74,72,36,9,18,51,41,37,9,9,3,8,11,10,58,74,65,52,37,35,77,64,52,56,72,77,67,59,63,113,195,230,241,222,191,188,197,197,195,187,208,231,231,235,221,147,76,66,72,86,30,14,35,35,63,42,28,36,48,47,40,25,15,17,25,19,5,4,13,16,12,18,15,11,23,18,18,48,52,57,24,32,29,26,21,28,48,55,58,55,50,31,20,14,36,53,16,6,18,26
45,36,22,14,30,46,43,55,66,85,78,37,32,41,57,58,58,44,20,17,44,47,31,43,79,52,36,8,12,10,40,21,6,9,7,4,7,11,24,51,42,22,16,27,40,77,60,60,71,62,69,66,59,114,185,187,182,177,207,191,194,188,200,204,192,188,167,166,164,192,203,135,68,60,88,32,15,24,41,60,24,40,39,38,44,47,28,18,6,12,18,6,5,9,5,15,21,15,23,28,19,15,18,17,36,45,36,27,27,19,17,40,39,38,34,44,32,18,16,41,43,17,60,67,42
19,48,37,18,21,3,34,41,53,72,76,46,26,18,43,72,73,73,60,34,29,35,41,55,54,17,6,15,21,6,10,8,12,12,13,10,5,1,2,13,15,21,15,24,66,216,197,106,71,76,55,55,108,168,152,135,114,127,152,156,184,204,193,194,199,171,170,144,153,152,174,175,118,53,66,118,171,70,33,51,31,37,34,36,40,57,27,24,48,32,26,17,13,10,3,17,13,18,35,21,31,28,29,14,29,45,48,41,31,11,18,39,41,30,17,53,53,40,21,57,41,48,54,37,15
45,9,42,29,11,14,22,21,31,38,45,36,24,10,15,31,46,52,54,36,28,39,34,19,15,17,17,18,13,22,15,12,5,3,6,9,6,6,10,11,14,30,47,27,83,172,236,121,87,60,48,83,150,153,146,125,145,118,141,180,172,184,199,195,189,192,153,161,133,162,186,167,125,72,61,157,249,112,11,25,33,29,42,35,10,42,34,32,86,58,40,19,11,15,8,10,14,17,27,49,51,33,12,26,29,59,49,52,50,36,28,46,46,48,33,62,74,60,25,46,47,41,45,47,53
26,13,34,41,27,24,17,21,14,18,23,25,27,21,13,7,20,30,39,25,16,29,27,13,18,13,10,18,18,22,1,5,11,15,15,20,22,19,17,13,14,15,35,57,103,117,173,146,63,48,86,122,127,160,144,119,132,181,119,164,180,188,188,190,183,159,163,153,137,138,186,173,158,100,45,154,202,113,22,22,32,45,49,60,64,72,45,76,94,63,45,28,27,39,34,30,27,41,17,53,54,32,15,22,26,78,54,54,54,51,28,47,54,61,41,27,49,42,35,52,65,63,77,87,72
8,21,49,46,44,55,39,31,42,46,45,36,27,28,30,30,15,18,26,23,21,23,15,11,22,12,16,30,36,25,7,22,24,35,26,25,34,33,35,38,28,14,22,46,108,145,124,181,117,141,153,132,144,151,149,55,57,83,133,152,183,196,198,198,197,141,61,79,45,122,185,182,174,189,104,160,172,109,20,30,46,71,64,60,71,72,58,81,98,54,33,24,19,18,14,20,57,68,12,29,46,10,31,14,28,70,60,52,58,63,45,37,63,67,46,11,21,17,24,35,67,67,53,83,53
16,46,87,80,63,60,95,88,71,61,47,39,30,37,43,46,48,22,10,15,31,40,31,26,24,36,42,36,39,40,39,46,49,63,49,39,37,32,38,39,44,43,38,21,104,149,111,171,187,194,177,149,154,186,141,36,78,54,63,174,189,215,224,225,203,122,21,89,47,131,205,185,177,215,208,176,153,117,14,19,20,41,61,71,65,70,72,69,77,37,15,5,5,9,11,25,76,63,53,21,14,21,7,22,30,47,75,57,54,45,47,23,46,65,67,48,43,52,46,22,60,88,42,7,4
32,36,70,51,65,75,71,86,54,38,23,27,33,54,59,55,58,34,42,59,66,68,52,31,44,44,36,39,42,40,39,40,47,62,62,59,43,38,52,43,40,51,28,47,105,158,127,170,202,209,185,165,182,185,175,44,31,23,78,179,198,228,238,238,228,137,31,26,41,178,217,197,201,194,228,171,166,105,3,32,32,34,23,47,75,64,30,65,55,33,19,7,9,11,2,10,63,109,79,44,14,24,43,11,17,28,72,56,39,11,12,18,25,42,74,73,71,91,92,43,11,49,61,37,47
38,48,56,67,56,66,80,41,35,34,27,27,27,56,68,65,60,36,54,72,68,69,52,12,33,50,48,57,49,48,51,51,76,75,69,56,22,26,61,52,54,37,30,59,89,152,145,209,221,216,189,195,215,214,218,142,54,60,159,199,210,227,241,243,216,208,107,78,157,228,219,233,222,194,238,208,172,63,9,15,21,44,38,46,71,82,30,56,43,30,38,52,59,38,9,15,92,110,104,57,39,39,59,26,7,6,24,37,51,33,4,30,41,32,81,85,79,68,73,19,11,27,61,72,62
60,67,83,99,112,107,45,14,33,38,29,34,25,28,63,62,65,42,56,71,65,71,41,19,14,31,54,58,57,66,28,40,72,88,79,47,17,48,65,45,26,19,25,44,72,139,178,216,222,208,197,208,229,229,230,217,215,214,189,193,188,202,225,218,207,211,221,226,225,231,235,230,226,211,225,236,181,29,50,37,10,24,45,37,59,74,57,47,34,41,61,64,51,29,11,15,102,98,98,65,61,49,48,45,39,33,11,14,50,29,10,28,35,31,53,72,56,67,43,46,41,44,59,68,57
97,84,97,117,101,75,56,54,91,87,77,33,17,76,108,72,32,30,61,74,90,56,27,68,61,21,12,31,24,7,2,21,65,88,37,32,18,21,16,14,12,29,29,39,71,127,211,219,221,196,202,215,231,230,230,233,235,216,179,163,147,146,167,176,164,187,214,232,237,232,231,239,229,218,220,235,211,52,38,48,13,10,21,30,36,50,52,77,57,47,30,29,31,20,12,10,57,85,69,52,58,64,53,78,70,53,39,34,48,56,6,17,33,37,33,60,51,71,64,90,101,67,88,107,74
94,107,106,88,71,69,87,89,93,111,116,75,58,101,113,79,32,52,48,46,69,76,85,66,79,81,48,30,34,20,16,16,20,43,42,40,42,22,39,31,21,29,29,43,67,159,223,216,211,178,197,210,221,226,224,230,220,211,182,142,121,116,126,132,147,170,212,233,224,224,231,225,228,215,207,232,245,131,42,63,66,42,24,27,16,30,22,37,61,48,46,27,30,33,9,18,31,78,59,51,27,37,48,36,42,65,42,65,81,57,31,49,39,64,65,39,75,41,62,100,102,62,76,78,74
99,119,118,103,109,93,89,102,116,111,114,116,93,97,111,75,49,34,23,67,70,76,99,82,59,100,101,99,88,45,28,46,68,70,43,20,33,65,71,78,83,72,73,80,87,189,225,217,194,160,178,190,201,215,214,205,210,200,202,188,178,153,149,169,196,223,227,210,207,212,211,210,219,205,196,225,240,203,45,50,73,56,52,59,46,48,48,65,58,62,43,55,62,33,17,11,22,62,49,31,35,34,45,38,28,68,45,46,47,26,76,63,41,51,58,60,69,57,62,64,58,45,73,62,72
87,91,103,106,128,114,91,106,112,125,111,107,111,102,103,109,95,68,60,68,79,94,75,82,103,81,77,115,114,83,53,69,93,77,68,54,49,79,88,80,100,97,103,92,103,177,220,208,180,144,155,172,182,193,200,187,156,180,209,196,194,193,197,213,218,222,222,195,166,180,204,200,198,189,183,222,226,229,74,45,30,47,62,50,52,60,71,73,64,77,96,124,135,96,51,42,62,43,46,33,43,36,44,64,58,72,63,45,61,32,52,76,36,41,48,78,71,77,58,67,73,52,59,66,68
107,102,115,104,108,121,108,99,88,91,107,97,89,94,93,112,106,96,98,79,84,81,88,126,142,120,98,105,113,120,87,96,81,84,65,73,113,94,84,86,101,98,106,98,124,210,207,198,179,134,137,157,164,167,181,181,180,162,164,173,192,197,193,202,199,192,175,170,183,191,185,181,182,172,161,218,231,227,114,51,25,49,65,44,64,58,71,76,64,94,158,119,96,106,70,101,120,103,90,94,65,44,72,77,87,90,93,68,59,72,82,81,61,23,64,80,62,49,79,76,99,94,58,76,88
99,95,107,113,110,120,120,119,120,110,107,95,103,104,88,111,105,99,97,93,95,90,102,100,118,110,92,94,118,120,73,66,77,94,89,118,100,93,80,88,115,106,99,101,134,223,182,193,194,135,131,137,146,155,163,172,173,174,170,158,150,163,171,175,184,179,186,190,179,176,180,176,172,162,154,215,235,222,116,52,67,69,78,76,96,38,41,84,85,101,109,83,85,103,81,61,83,116,82,80,79,55,56,60,72,92,79,93,89,78,77,76,64,37,42,58,60,53,80,88,67,98,85,88,90
97,108,99,103,106,117,125,138,122,114,108,104,95,90,95,97,95,89,99,105,102,112,98,105,100,93,101,108,113,108,90,75,91,88,98,92,80,103,98,95,117,123,98,100,138,183,187,220,213,143,133,120,133,157,154,161,157,152,148,158,160,179,185,183,178,169,159,158,165,172,170,163,153,157,166,222,238,234,112,74,81,91,87,84,125,81,63,81,83,79,85,89,90,88,83,89,95,88,87,73,96,100,55,56,67,76,59,73,74,80,89,72,61,59,49,64,60,64,97,102,84,84,107,95,74
101,110,104,107,97,117,119,123,97,104,110,118,100,110,96,91,104,92,104,97,97,98,108,120,98,103,104,92,87,90,86,82,82,75,78,90,82,98,91,97,101,121,121,105,133,190,199,221,212,170,126,125,130,136,156,158,158,152,143,135,132,134,141,147,148,151,152,155,161,164,158,149,146,145,195,231,240,232,97,45,57,82,89,81,98,81,68,91,93,104,96,86,105,98,91,94,88,81,82,85,109,130,89,79,74,98,82,57,66,80,78,67,83,72,75,72,70,65,97,95,82,109,88,90,82
106,107,97,109,126,111,98,121,108,114,123,118,109,111,107,105,111,104,89,81,95,114,118,124,123,98,86,91,90,82,87,106,90,81,90,86,89,90,96,103,105,126,106,102,132,189,215,223,212,183,162,136,123,133,146,170,173,177,176,164,146,136,139,147,148,157,163,163,157,143,136,139,143,176,211,236,244,225,106,60,69,83,95,90,86,111,116,108,100,125,133,92,83,77,123,106,104,86,79,99,85,95,126,102,92,91,91,88,89,66,69,85,81,77,90,88,78,72,79,82,87,90,97,101,95
113,101,107,106,111,98,104,103,112,113,117,96,100,100,111,117,108,120,100,96,100,110,112,124,128,109,102,112,114,103,98,104,104,99,94,103,104,112,101,105,114,127,91,131,161,188,220,214,202,209,218,193,162,143,129,139,156,163,176,190,200,205,203,199,193,192,181,170,158,139,138,157,186,216,219,231,240,230,145,91,102,102,116,129,106,130,131,119,101,123,131,93,81,86,101,121,91,94,97,93,85,83,96,94,92,89,94,87,99,92,94,87,102,91,93,89,83,83,70,73,67,68,83,91,98
100,122,125,99,109,103,107,114,109,112,118,102,115,115,117,117,113,118,101,106,110,103,99,102,103,102,98,103,108,109,107,100,109,111,99,115,115,123,104,107,113,102,117,144,157,188,179,200,204,218,215,222,223,203,185,167,159,165,173,182,193,203,210,213,203,191,165,155,164,168,182,213,226,232,227,236,238,236,176,110,107,103,105,116,98,103,99,113,116,99,113,112,89,97,105,113,101,107,99,109,107,89,116,102,115,107,115,114,114,108,113,116,101,93,91,90,98,97,83,83,75,88,73,73,86
78,106,115,107,109,102,104,119,114,114,111,103,115,124,116,112,117,111,102,103,106,98,106,100,95,95,93,102,103,96,99,99,101,105,108,109,115,104,102,106,107,124,137,150,141,165,183,203,227,230,219,228,234,221,216,209,206,191,170,158,161,172,179,180,177,171,161,176,212,223,216,218,239,237,235,232,230,220,175,135,107,113,118,115,116,119,116,123,112,114,109,111,103,85,128,103,115,106,102,117,122,105,119,116,111,100,97,98,98,117,107,93,91,101,107,106,117,96,91,84,96,108,80,71,75
90,96,112,123,108,114,121,120,127,124,112,103,107,124,118,116,109,106,105,93,94,97,110,98,94,102,103,112,109,96,96,92,93,101,103,113,112,104,98,98,108,113,131,131,126,152,176,210,220,218,231,232,229,223,218,235,243,244,232,200,166,149,153,161,184,208,225,234,238,228,219,224,241,246,236,221,229,201,155,153,103,97,113,109,114,116,117,102,101,129,110,109,112,99,121,110,105,100,117,110,114,118,102,108,105,98,106,118,99,104,97,112,105,112,110,106,119,97,100,90,106,106,103,96,89
91,103,101,102,107,113,109,114,105,111,115,109,102,111,105,99,108,102,93,83,93,104,98,87,97,108,102,103,102,99,106,97,97,102,93,117,107,113,105,102,114,118,114,128,132,130,172,196,225,216,228,231,230,230,225,235,232,241,247,243,238,235,234,233,245,240,231,232,241,241,233,228,231,244,236,225,235,185,138,142,127,102,110,106,107,105,115,107,108,116,113,119,105,121,120,110,106,109,110,120,103,104,124,107,114,120,126,115,107,127,112,101,113,108,102,98,112,111,115,112,116,116,122,113,106
98,86,95,107,101,104,113,106,100,110,125,116,103,108,109,106,110,113,106,98,97,103,93,112,127,131,119,120,117,107,110,99,103,99,95,101,99,100,119,120,113,117,128,113,109,110,139,170,194,210,225,239,226,215,233,238,238,239,237,235,239,245,246,242,246,241,240,244,245,240,234,231,231,239,232,222,214,159,134,136,115,104,110,104,107,104,109,111,95,126,105,89,106,107,114,102,109,114,102,113,116,89,71,107,105,103,114,108,110,120,108,107,110,107,113,109,110,115,107,111,107,119,108,94,102
95,117,99,104,109,110,93,102,94,106,128,127,112,113,119,107,111,104,103,109,105,113,104,102,121,135,134,139,130,112,113,104,95,100,105,97,95,84,111,100,104,113,110,107,98,100,110,155,168,201,229,227,238,215,227,243,239,236,233,240,241,239,247,241,246,242,243,238,244,240,237,231,229,235,223,215,200,134,128,126,111,88,104,99,106,105,110,106,95,101,98,87,99,105,111,112,114,118,108,103,108,100,95,113,110,114,126,109,118,121,123,110,113,110,120,111,119,116,111,113,107,113,127,124,119
91,101,86,103,115,120,108,116,104,114,121,118,113,114,116,115,111,107,111,119,117,120,104,99,108,117,111,118,122,122,133,128,123,117,117,107,95,94,124,108,99,107,100,100,93,85,96,120,161,169,208,236,237,213,219,237,238,231,231,240,240,238,245,242,238,245,238,237,243,239,239,227,237,233,205,201,156,106,124,117,107,96,109,108,101,101,99,102,86,83,103,102,102,106,113,111,103,108,97,91,104,101,100,104,114,102,116,114,111,103,114,122,126,105,110,102,104,115,122,114,117,109,107,109,113
88,97,93,110,105,100,99,113,107,116,113,111,117,117,113,120,120,113,110,110,108,115,114,121,120,125,116,117,117,116,123,116,119,114,117,120,103,108,127,106,103,105,99,101,103,92,107,110,130,152,197,234,230,219,208,229,234,228,233,244,236,233,241,247,241,247,239,229,230,235,229,229,241,217,191,155,121,119,99,118,118,113,117,121,107,119,113,124,116,110,125,124,124,118,113,113,113,122,112,99,109,105,119,119,122,94,101,115,114,106,107,112,126,125,106,86,106,112,107,119,105,107,93,77,79
91,100,105,116,96,85,91,104,96,102,99,105,110,110,103,110,105,106,110,107,104,105,107,120,105,111,110,115,115,113,122,124,113,114,120,135,123,123,125,112,107,96,98,95,106,105,122,118,111,121,146,207,232,228,191,229,235,227,226,240,234,232,237,244,233,234,236,227,225,239,223,237,237,203,158,138,126,123,92,98,96,100,109,120,116,126,106,108,125,128,116,114,138,127,118,123,119,125,125,120,128,112,124,118,119,113,119,121,113,110,110,119,126,127,121,109,112,117,119,120,114,109,99,104,99
98,98,101,111,102,103,111,108,100,100,99,109,104,106,103,108,105,107,114,112,112,106,102,112,112,109,106,108,104,99,108,117,117,122,116,130,129,125,118,125,112,88,100,89,104,114,123,124,130,120,111,154,197,229,189,198,234,229,214,231,234,234,235,234,241,235,226,227,227,232,223,232,208,152,141,148,138,126,99,90,112,113,115,111,117,125,113,118,129,137,111,110,135,122,121,117,134,113,104,104,116,104,119,117,132,131,118,104,107,111,101,103,101,113,113,112,111,111,107,106,117,117,102,93,90
106,101,99,106,103,112,121,110,114,112,106,114,103,108,108,115,117,112,110,105,114,110,107,116,119,112,108,109,107,102,104,110,108,112,102,112,122,120,111,129,111,84,101,89,106,119,121,126,122,124,117,116,127,189,189,172,215,235,215,231,231,227,233,234,226,228,213,235,237,220,221,204,157,129,153,144,139,135,102,92,98,110,122,109,117,115,103,109,105,106,101,110,119,115,130,118,125,106,116,124,127,111,110,105,92,107,115,103,103,102,108,126,98,116,103,103,113,104,86,89,98,96,104,122,120
108,106,107,110,104,107,116,106,110,117,107,114,108,112,105,118,109,106,108,105,117,108,101,109,118,118,120,116,111,108,105,105,103,105,99,104,117,120,111,120,99,77,88,85,104,114,116,120,131,130,132,125,103,120,136,134,185,234,211,228,228,219,230,231,221,222,223,229,209,174,161,135,130,153,147,139,133,115,108,79,91,108,115,97,105,107,100,115,118,108,118,120,119,114,121,119,126,114,133,131,120,120,118,115,116,110,121,116,117,110,109,105,126,117,111,123,110,110,109,94,89,99,111,112,111
104,104,110,116,113,112,118,109,104,123,112,120,123,125,107,123,115,116,120,112,119,106,102,115,96,108,117,110,106,112,116,119,114,109,103,100,108,114,106,102,95,78,79,84,104,110,114,116,118,125,129,133,136,135,134,126,168,224,193,217,229,221,226,214,212,193,208,175,142,134,132,139,135,127,134,138,120,112,109,86,91,114,123,111,120,123,107,119,118,104,115,109,118,115,106,126,116,106,125,116,108,127,121,111,129,109,125,118,116,112,117,98,109,110,96,108,108,107,108,110,114,107,109,108,114
99,103,110,110,105,108,112,110,110,117,124,104,105,119,109,112,112,111,130,121,110,105,115,119,109,109,114,106,117,118,118,118,110,104,119,112,116,106,120,126,111,74,75,79,100,108,112,112,117,119,122,124,129,136,141,142,175,201,172,216,224,218,217,212,211,182,150,138,138,132,127,129,125,128,131,132,122,108,110,76,94,108,108,105,112,113,113,122,118,115,103,96,101,107,114,115,118,111,123,112,111,110,127,117,130,124,127,125,130,115,114,118,115,113,91,101,114,96,111,110,97,99,112,94,109
98,94,107,100,105,102,118,113,101,88,102,104,94,102,111,117,118,127,117,111,130,118,109,109,108,114,118,114,121,116,119,119,114,104,114,114,118,108,117,124,119,76,52,92,85,92,105,109,107,109,112,115,121,129,135,136,131,133,123,188,218,221,227,216,186,140,116,129,140,137,131,130,122,132,124,116,123,115,95,77,99,98,103,111,103,111,113,107,92,101,113,107,97,103,101,107,111,106,111,117,113,105,113,126,106,114,123,115,118,104,116,122,106,109,95,108,114,102,113,106,102,108,114,110,114
124,109,111,100,99,99,120,120,105,106,100,100,103,92,91,115,114,112,110,115,115,109,115,95,106,119,119,117,119,111,120,118,117,114,117,120,113,101,104,112,111,116,69,47,79,84,86,92,101,103,105,107,111,117,122,124,112,129,121,154,208,227,228,209,129,123,129,133,127,130,132,122,125,126,133,125,117,115,103,93,104,105,101,101,107,104,97,98,102,96,90,119,109,95,100,106,94,105,101,105,96,97,94,108,89,105,97,114,112,125,128,131,122,123,111,114,110,108,122,111,121,124,122,123,123
125,117,117,123,107,106,106,102,108,108,110,112,103,98,107,108,101,107,109,106,103,99,102,99,101,121,117,115,114,111,124,118,110,121,119,123,119,119,118,118,118,113,77,36,37,67,66,80,87,92,99,103,106,110,116,120,126,120,122,119,142,193,227,184,126,119,120,123,117,113,117,120,123,113,121,109,93,83,101,110,104,106,103,94,114,104,104,111,115,91,91,103,99,119,103,103,98,97,103,130,119,103,89,105,95,93,92,89,116,106,117,101,117,112,110,101,99,105,128,115,121,120,118,121,122
127,118,114,121,108,113,113,114,105,108,110,112,105,103,109,104,95,80,94,92,83,97,98,97,93,117,111,111,113,117,128,118,118,137,125,123,124,138,134,123,122,108,99,41,34,29,51,67,70,78,87,93,94,95,100,106,113,116,127,113,101,117,153,144,128,126,120,117,117,113,109,111,108,107,100,84,81,50,84,114,117,111,115,114,110,111,120,119,121,101,87,129,123,112,115,117,103,101,101,99,93,105,113,106,101,97,101,100,121,104,115,111,107,100,113,97,101,105,129,112,110,114,109,123,114
110,109,116,121,125,122,119,114,112,118,113,109,113,101,90,102,115,77,99,97,64,81,82,72,86,104,101,106,110,118,122,115,121,146,130,118,110,119,122,115,124,118,107,107,38,20,27,25,42,50,60,69,73,76,82,88,79,102,100,102,103,82,79,97,110,116,114,104,96,92,87,83,89,84,76,57,43,27,88,117,121,128,120,127,114,124,119,126,126,118,125,130,122,133,118,118,120,103,111,116,111,105,112,106,113,109,98,111,99,95,82,94,96,86,104,91,96,102,121,110,113,119,107,122,98
110,111,106,104,112,114,112,113,113,101,119,123,110,107,105,104,100,92,98,99,93,98,88,106,89,95,92,101,104,110,108,112,105,127,115,111,108,106,115,120,120,114,110,124,102,45,22,22,19,22,29,38,47,54,61,67,78,65,78,139,148,159,168,156,148,94,72,83,77,65,67,71,62,44,39,24,13,47,114,120,111,126,113,112,119,128,119,130,126,126,119,127,120,109,111,111,122,122,124,112,107,109,116,108,114,96,102,95,105,92,85,95,78,67,80,76,77,92,104,105,109,113,113,112,91
110,120,106,111,110,119,103,106,94,102,121,118,119,118,103,113,109,98,99,112,105,106,100,106,100,94,90,99,99,102,97,113,107,112,97,111,126,119,121,122,117,99,122,125,121,123,96,48,32,26,22,23,26,27,28,29,36,28,58,133,98,78,85,83,140,65,37,48,39,38,45,33,30,29,29,36,61,126,139,115,124,116,117,100,110,110,119,106,110,125,132,118,108,105,106,109,108,115,117,117,115,109,111,123,120,102,111,99,104,97,87,102,96,86,90,90,79,94,90,96,98,102,128,111,110
103,114,113,110,116,105,114,96,102,125,113,107,111,121,106,127,98,112,91,136,108,117,106,140,99,98,101,103,105,98,109,110,109,118,100,109,111,116,120,112,116,109,109,121,118,115,123,128,111,75,38,24,22,21,22,26,22,28,40,140,68,23,26,43,142,56,24,28,29,32,28,35,40,61,56,102,144,150,136,118,111,106,121,105,112,111,100,113,105,112,108,104,99,124,111,111,107,112,112,104,103,96,111,118,126,114,110,117,113,103,103,94,110,97,103,106,98,97,95,92,95,99,82,112,102
101,99,123,100,108,98,107,111,104,121,115,104,100,113,106,117,115,113,103,118,120,115,105,111,99,105,104,98,106,109,114,102,109,104,113,115,101,89,111,106,105,103,108,105,123,116,113,118,129,125,119,110,93,73,57,49,39,29,53,142,70,21,30,44,143,41,16,36,36,47,70,91,121,157,160,152,148,140,125,118,115,108,108,114,123,109,107,104,104,88,110,114,92,102,129,106,114,112,100,112,94,109,114,113,98,126,115,102,115,99,91,107,139,104,110,111,131,86,100,94,95,102,99,101,87
98,101,90,106,102,103,99,96,107,111,112,103,95,101,102,110,111,116,117,120,120,123,111,112,114,116,103,91,105,110,112,101,101,102,109,106,108,97,105,112,112,99,109,103,105,115,122,118,120,119,115,109,110,117,120,119,117,102,90,136,136,130,135,139,133,89,100,125,131,142,152,156,154,141,130,127,143,139,121,124,115,112,114,118,118,111,116,108,101,107,100,95,105,92,111,120,106,104,110,116,100,108,124,116,96,110,114,111,121,112,113,111,129,116,106,108,117,91,107,102,101,102,113,111,100
105,109,98,113,113,97,105,99,98,101,113,118,117,105,95,100,99,110,120,117,106,113,102,107,116,117,110,111,126,111,102,97,98,109,104,104,112,121,108,115,114,85,83,116,113,109,107,118,115,112,108,107,112,116,108,97,99,119,113,100,95,75,83,101,111,125,138,133,135,136,126,127,135,137,138,123,129,120,111,111,112,99,115,114,107,112,109,108,101,101,97,102,101,94,97,97,109,92,95,95,107,107,121,100,109,86,97,111,110,109,126,107,115,132,118,120,111,115,109,96,99,107,104,102,94
117,108,111,112,108,109,104,116,113,114,110,105,113,111,105,118,109,106,122,113,118,116,115,114,120,121,117,121,131,110,103,106,107,110,114,115,105,116,112,109,113,110,75,86,111,110,101,114,113,112,112,113,112,109,106,104,99,97,110,113,107,71,85,107,124,136,134,123,122,118,118,136,122,123,121,117,123,110,110,108,117,96,108,118,112,115,108,102,111,97,110,111,97,102,104,93,107,105,99,97,96,96,106,108,114,103,95,96,102,99,114,119,129,121,111,97,110,115,117,109,98,135,113,107,97
108,113,103,119,105,116,110,119,106,117,114,109,118,121,105,109,116,112,119,122,121,124,125,127,127,129,120,111,115,105,110,111,112,112,114,112,119,108,110,114,123,128,102,61,75,78,94,95,102,105,113,121,119,110,105,105,101,90,90,96,97,55,76,120,119,113,115,115,108,105,108,108,125,122,116,116,109,94,107,124,115,119,110,115,103,110,123,98,102,111,125,107,116,110,103,113,118,108,102,104,119,108,109,104,114,124,108,102,109,111,115,124,112,106,118,113,127,125,120,110,136,152,101,98,96
99,119,120,120,118,100,125,119,113,112,108,111,108,115,106,112,114,114,111,120,105,108,112,115,115,123,123,114,115,109,111,101,109,119,105,104,129,114,111,120,122,99,114,72,49,30,46,53,75,76,82,91,94,92,91,93,101,108,97,97,93,45,55,96,103,101,105,111,111,114,113,101,89,96,94,84,90,115,116,110,108,124,113,110,93,103,118,96,93,108,126,123,119,109,106,107,108,102,113,120,121,101,109,108,111,119,108,113,110,117,114,114,125,127,127,133,127,132,131,122,118,114,86,101,106
114,116,113,108,105,117,111,109,119,103,103,123,108,110,105,117,118,112,117,113,120,109,129,119,112,115,116,114,117,114,120,109,109,122,106,114,113,115,119,112,110,98,116,54,28,32,21,20,25,33,45,54,56,57,60,64,72,88,103,116,81,32,57,89,95,100,93,96,102,87,72,69,63,50,47,47,73,125,122,123,119,109,112,126,114,111,102,101,115,128,115,123,106,108,114,125,120,109,104,134,107,111,109,113,113,119,104,115,106,107,103,117,121,111,102,122,124,122,132,119,98,98,102,103,95
123,108,104,107,113,109,118,110,109,117,116,98,121,118,113,114,120,108,117,111,113,114,118,126,126,122,121,121,118,117,114,108,108,105,108,114,101,108,117,119,112,112,108,76,24,21,19,23,23,8,23,19,21,26,32,33,33,40,54,70,48,23,34,76,76,77,63,71,57,48,44,34,34,36,31,33,86,125,112,123,112,113,108,114,116,97,95,107,112,108,115,115,106,127,124,120,124,112,122,116,120,116,106,109,120,123,108,116,121,112,119,117,113,106,108,127,130,117,115,119,106,115,116,120,104
122,114,113,116,111,104,111,108,114,109,107,109,118,111,112,116,118,111,113,110,115,122,122,116,111,110,117,116,116,114,120,118,112,110,108,110,103,113,114,109,111,105,135,73,26,18,21,25,24,24,31,33,26,18,17,9,14,10,7,9,11,15,14,15,20,23,12,16,10,26,29,28,33,30,22,45,85,122,125,103,106,101,96,107,111,101,104,112,110,122,119,127,126,114,107,124,122,113,118,115,113,108,98,104,108,121,114,118,123,112,115,123,120,104,123,117,112,112,132,116,120,109,124,127,106
117,115,111,118,109,104,109,110,102,116,116,115,109,119,130,117,120,123,122,122,109,106,110,110,118,113,116,111,110,105,108,104,107,109,107,112,109,116,115,118,109,120,131,55,46,44,32,31,19,25,17,21,20,18,28,24,14,12,14,14,14,14,13,7,6,12,21,14,21,26,26,17,18,26,32,50,54,81,108,115,112,109,106,113,113,116,120,111,115,131,128,135,130,125,124,113,119,109,104,100,102,106,109,117,106,114,109,109,117,111,102,107,95,95,117,107,112,118,122,110,108,128,129,116,114
120,115,105,116,112,112,112,113,97,110,112,120,113,104,121,117,118,112,102,120,113,106,111,116,111,111,111,111,104,105,107,107,118,115,110,118,114,110,104,111,113,119,91,58,70,74,60,55,50,48,36,27,24,14,14,8,10,4,6,6,4,2,6,7,8,11,11,9,14,16,19,20,36,42,62,71,69,81,81,114,109,104,108,125,120,120,121,112,122,113,114,133,132,123,124,121,119,116,116,110,118,116,120,114,115,112,112,111,113,112,100,95,107,100,101,97,97,113,105,115,113,101,113,134,99
124,121,110,120,118,116,112,112,111,123,123,123,129,109,120,113,116,109,98,113,104,98,105,111,99,106,106,113,98,107,109,117,100,103,100,109,111,114,108,111,112,76,60,77,75,80,84,81,72,65,66,44,39,22,17,18,8,9,10,10,8,9,11,11,13,16,2,19,14,22,26,44,59,58,72,75,72,78,66,81,106,102,108,134,123,109,106,109,115,111,113,120,132,123,114,133,111,118,124,110,122,112,128,116,114,106,119,122,109,108,106,95,103,88,100,106,92,107,102,106,103,105,89,118,115
118,122,116,123,122,112,107,109,109,121,120,106,123,115,118,98,88,95,99,104,97,102,116,124,106,105,100,109,101,111,106,105,92,108,113,108,95,100,100,99,90,47,54,60,70,80,78,79,84,77,87,67,49,28,18,25,23,17,5,12,10,9,3,15,12,9,15,23,41,33,43,61,75,75,82,83,71,74,83,63,84,110,117,126,115,116,109,107,116,106,116,113,122,127,119,116,107,118,119,106,112,100,129,125,113,105,117,127,114,109,109,95,98,99,107,97,100,107,110,120,115,91,103,108,99
113,119,118,120,122,106,103,104,115,104,108,111,117,108,112,107,100,98,105,103,105,110,111,108,108,101,102,108,115,119,119,111,94,109,119,118,99,102,107,109,78,56,58,48,69,69,61,65,66,66,76,86,61,41,21,18,44,30,1,4,7,12,4,24,22,12,37,15,49,52,63,85,73,65,73,77,80,72,68,34,47,106,116,113,112,131,123,116,126,89,102,122,120,114,119,105,122,131,123,128,124,103,118,113,117,115,116,129,124,111,113,106,104,128,122,112,129,121,105,118,122,117,92,127,105
120,121,117,116,122,103,99,99,101,97,107,102,87,99,108,98,102,99,118,115,112,106,106,112,106,107,123,118,125,118,132,131,128,117,118,131,118,113,108,105,91,68,61,73,66,44,57,63,71,66,54,82,54,43,24,15,16,49,37,33,15,25,16,38,31,29,48,25,33,71,50,80,74,58,67,55,71,52,29,30,49,110,119,122,125,133,118,123,115,110,114,122,125,117,128,113,136,133,108,130,124,109,116,114,105,119,114,123,120,100,111,123,122,128,105,114,118,125,114,124,128,116,132,114,116
116,124,112,109,112,95,86,87,95,64,91,97,76,104,106,107,111,98,111,115,105,109,113,115,124,114,125,116,110,117,127,119,127,124,116,131,134,126,116,123,114,94,91,90,59,47,48,82,75,53,47,72,64,43,18,16,11,16,74,61,40,43,43,36,64,42,35,53,21,69,70,112,78,61,72,65,47,41,23,30,73,123,119,115,115,122,106,111,120,130,114,130,122,132,119,116,121,124,126,132,127,121,114,103,112,104,108,123,118,97,117,117,124,126,128,127,117,121,130,117,115,100,125,125,114
133,117,102,97,95,102,78,84,88,84,91,94,94,97,100,95,99,108,121,107,118,114,113,116,116,122,113,102,112,120,106,127,133,126,126,124,128,131,121,125,109,123,118,91,79,70,80,95,88,73,73,78,81,29,7,19,13,22,68,109,78,57,46,72,53,78,46,73,49,83,102,91,91,92,58,87,40,54,28,28,103,125,114,115,116,116,116,135,116,95,114,117,112,124,123,122,138,126,136,132,131,110,116,119,112,96,100,133,118,116,122,100,125,119,130,120,108,124,113,106,105,114,125,106,109
107,102,107,102,92,101,97,101,96,107,99,105,94,111,108,112,115,112,133,125,103,101,110,104,115,112,108,112,106,119,101,119,119,118,108,115,115,112,123,118,124,126,116,124,119,156,78,90,102,102,100,104,100,81,71,81,64,81,90,95,98,104,89,66,73,71,71,63,77,97,110,107,99,84,111,87,62,87,58,71,113,112,120,131,123,132,142,128,138,135,126,125,114,145,122,123,138,111,116,109,120,112,114,118,112,108,105,124,117,118,122,111,125,107,117,119,108,113,105,117,126,106,122,117,103
116,109,105,94,96,96,127,109,116,104,133,97,97,100,116,113,115,115,108,120,106,102,94,115,103,119,106,115,120,114,90,113,116,100,109,118,108,115,108,125,109,124,119,123,123,127,107,125,137,114,105,117,118,133,126,102,103,106,101,117,91,94,91,111,115,108,102,112,106,114,88,99,87,95,119,105,82,109,104,106,117,129,125,120,124,127,130,126,136,145,134,125,136,142,146,139,122,122,140,135,130,138,130,134,121,117,121,116,109,107,127,121,131,118,114,118,108,92,107,121,120,124,125,103,103
115,107,105,108,112,99,123,103,114,107,136,103,109,105,118,109,118,109,94,118,119,115,100,115,97,112,106,114,117,99,97,105,106,111,102,131,112,108,115,122,111,127,120,112,114,121,134,127,145,113,120,122,133,120,123,100,99,86,113,99,107,96,99,83,100,98,113,111,115,127,96,107,105,97,113,109,101,116,119,109,114,116,126,133,125,127,147,149,140,126,134,141,134,123,143,143,126,131,146,132,121,133,129,132,136,117,141,141,109,111,142,118,120,120,120,107,108,99,115,113,114,120,119,101,106
123,105,97,105,101,105,112,122,113,130,114,117,117,117,113,109,108,99,106,116,113,102,105,94,101,97,105,107,99,89,111,101,100,102,111,120,104,119,107,121,125,116,133,102,118,122,150,140,123,123,127,120,132,118,120,123,131,116,122,112,96,111,119,126,120,106,133,97,125,122,122,131,130,124,107,140,110,125,126,121,119,139,132,133,143,138,129,134,151,128,135,141,134,136,125,138,156,140,143,122,125,122,126,124,128,124,143,149,110,113,129,124,107,101,118,102,111,113,108,110,125,110,118,122,115
123,119,101,110,115,122,106,100,124,127,119,109,120,98,104,94,85,107,106,96,113,95,93,97,97,107,110,89,103,100,99,112,105,112,106,113,111,109,115,119,98,106,95,134,130,134,137,125,126,125,109,104,122,129,122,124,119,119,121,124,117,120,125,131,124,134,118,124,128,115,136,132,146,120,161,140,122,135,128,138,127,128,119,126,123,136,136,127,133,115,130,113,146,136,134,141,144,135,143,136,139,124,128,125,113,125,126,127,115,110,109,131,110,105,114,107,104,105,93,106,117,131,125,116,129
106,142,121,112,118,118,125,103,118,104,124,120,110,103,106,99,116,120,110,111,113,110,111,102,103,102,121,96,102,113,103,111,124,111,108,104,113,101,103,118,119,105,112,118,120,123,110,118,130,107,111,104,119,103,120,124,125,134,100,138,118,123,110,132,133,132,133,116,118,119,125,127,132,140,164,149,113,131,133,123,136,132,122,139,124,123,129,143,135,118,125,133,128,109,127,133,136,123,112,122,133,141,142,133,126,119,120,122,135,125,122,132,101,120,109,107,89,98,102,110,120,112,116,128,130
100,127,120,123,133,130,130,122,122,125,118,119,117,122,114,112,110,116,112,103,101,106,114,122,113,110,110,113,112,110,116,125,116,105,95,99,106,100,100,113,113,115,123,123,113,111,116,116,120,114,110,112,112,112,114,119,114,125,123,135,136,124,114,140,118,133,135,121,112,113,112,110,115,126,126,132,122,121,122,115,126,153,141,118,126,126,126,147,148,134,137,134,125,125,124,134,140,127,122,104,130,149,148,119,121,126,127,124,124,127,124,118,104,106,105,97,102,89,83,82,90,105,92,88,113
101,113,111,121,126,123,130,122,113,118,119,117,109,108,107,107,114,120,117,110,109,113,118,124,108,109,112,113,112,111,117,126,126,116,103,99,102,107,116,128,125,118,114,115,118,123,124,121,125,139,138,130,115,123,126,129,117,135,137,124,116,141,137,110,119,129,134,130,123,115,113,118,130,104,130,117,111,132,94,110,115,123,109,97,114,132,132,129,123,138,136,107,140,138,139,146,134,123,122,116,129,120,128,130,123,127,113,118,103,117,110,113,118,84,84,98,97,83,88,90,79,75,82,93,93
110,107,107,121,121,118,129,123,105,107,118,118,113,112,119,117,114,118,115,110,112,116,120,125,113,122,130,131,125,117,113,112,113,113,113,110,107,109,111,108,115,121,124,122,118,114,114,120,131,129,131,105,119,115,122,105,123,119,123,128,122,134,133,117,128,130,130,132,134,128,118,113,110,106,108,122,116,116,118,126,117,130,135,123,115,127,135,126,133,129,124,155,117,150,159,157,162,123,119,135,138,125,141,128,122,131,127,139,125,130,116,117,120,103,96,96,101,83,73,70,90,96,102,102,92
119,114,110,119,121,116,121,120,119,111,120,119,118,116,123,113,116,117,111,106,108,113,117,121,114,120,123,120,118,119,122,123,120,118,118,114,109,114,118,111,113,117,117,124,136,136,125,121,122,116,127,101,111,90,109,109,113,123,125,125,129,134,134,135,119,125,123,119,126,128,116,103,126,105,107,115,119,130,117,123,127,122,120,120,127,140,133,109,140,129,141,148,145,124,154,162,154,144,130,134,139,124,141,140,122,126,140,143,146,130,126,121,122,132,132,121,127,114,99,92,95,115,102,95,102
111,115,107,107,114,110,107,110,106,96,104,107,112,114,123,113,116,115,109,103,105,106,107,110,114,117,116,114,117,123,128,128,122,114,113,113,110,115,121,119,116,111,103,110,129,134,122,114,109,113,117,115,100,92,100,117,103,119,124,114,114,120,124,123,109,122,125,119,119,121,119,117,120,103,126,111,98,117,96,119,116,121,122,118,117,119,121,124,113,136,123,124,130,119,120,143,145,139,144,147,126,123,155,138,131,123,133,121,132,115,126,125,125,115,126,129,123,115,121,116,133,119,95,106,105
